# without stress
timings = [1018276, 1017051, 1018869, 1018636, 1019221, 1018521, 1018532, 1018629, 1018100, 1019150] 

# with stress
timings = [1021534, 1018022, 1018218, 1027045, 1018777, 1018561, 1018048, 1018093, 1018635, 1018153, 1018394, 1018169, 1017931, 1018847, 1018080, 1018331, 1017812, 1017901, 1018303, 1017912, 1018529, 1018129, 1019925, 1018952, 1018277, 1018297, 1018271, 1018161, 1018394, 1017803, 1018448, 1018044, 1018106, 1018417, 1017677, 1025322, 1020890, 1018777, 1018374, 1017711, 1018067, 1017921, 1018073, 1018247, 1018209, 1018241, 1018285, 1018056, 1018347, 1018350, 1018361, 1018232, 1018298, 1018046, 1017889, 1017875, 1018326, 1018359, 1018318, 1018221, 1018354, 1018454, 1018722, 1018391, 1018454, 1018376, 1018171, 1018710, 1018302, 1018328, 1018396, 1018327, 1018468, 1018544, 1018207, 1018597, 1018402, 1018571, 1018389, 1018491, 1018486, 1018198, 1017996, 1018308, 1018272, 1018180, 1018172, 1018629, 1018482, 1018322, 1017882, 1018058, 1018252, 1017762, 1018116, 1018167, 1018316, 1018721, 1019918, 1018702]

linux without stress
timings = [1077893, 1077433, 1077962, 1078000, 1077696, 1077688, 1077656, 1078206, 1077846, 1078063, 1077853, 1078471, 1077981, 1079959, 1078758, 1077910, 1076022, 1070563, 1069811, 1081649, 1077893, 1077650, 1078072, 1077653, 1077679, 1077618, 1077558, 1078086, 1076661, 1078024, 1077931, 1077861, 1077829, 1079551, 1077759, 1077497, 1078001, 1077332, 1069630, 1064711, 1067559, 1066476, 1075287, 1093871, 1074437, 1077299, 1077600, 1078185, 1077426, 1077419, 1078203, 1077616, 1076092, 1083759, 1078873, 1077549, 1077456, 1077375, 1078458, 1077539, 1077935, 1076976, 1077678, 1083406, 1078446, 1078026, 1077179, 1079258, 1077029, 1077730, 1077412, 1077639, 1077578, 1077577, 1077510, 1077009, 1076991, 1077690, 1077910, 1077858, 1077518, 1077151, 1077565, 1077664, 1076929, 1077675, 1077890, 1078074, 1077866, 1077908, 1077977, 1077501, 1078118, 1077599, 1077053, 1077210, 1077492, 1077931, 1077255, 1077777]

linux with stress
timings = [1137865, 1206514, 1108780, 1209265, 1141364, 1174378, 1129008, 1104511, 1110424, 1116091, 1113865, 1122864, 1113096, 1115160, 1116283, 1129853, 1114620, 1116648, 1115911, 1112739, 1107734, 1101464, 1110760, 1104475, 1115286, 1110628, 1108492, 1115404, 1108856, 1111786, 1101991, 1110505, 1104324, 1104390, 1112947, 1112629, 1107809, 1103031, 1114725, 1117154, 1118926, 1113887, 1120512, 1120493, 1112807, 1109969, 1104118, 1118810, 1108801, 1109422, 1101794, 1095701, 1111695, 1093794, 1131600, 1153317, 1120762, 1099129, 1100047, 1099070, 1094883, 1093934, 1094327, 1094653, 1095158, 1095701, 1096210, 1096430, 1095778, 1098388, 1103017, 1102215, 1098711, 1102728, 1094803, 1099353, 1097259, 1095373, 1098060, 1095522, 1091931, 1097942, 1096793, 1099636, 1099530, 1094510, 1099552, 1098615, 1094780, 1101906, 1099838, 1098941, 1096906, 1094148, 1094262, 1092740, 1094308, 1095825, 1094692, 1096887]

xenomai with stress
timings = [1048136, 1051250, 1060727, 1056234, 1050081, 1050358, 1050596, 1054177, 1049371, 1047623, 1046587, 1049315, 1046490, 1048974, 1047335, 1045717, 1048212, 1049360, 1048978, 1046518, 1048582, 1047944, 1048443, 1047237, 1047102, 1046139, 1046820, 1050333, 1051437, 1049776, 1052240, 1047733, 1048241, 1051100, 1049462, 1050780, 1047262, 1048075, 1052240, 1047453, 1046873, 1050453, 1048347, 1049208, 1044666, 1044543, 1045745, 1045811, 1047619, 1045338, 1047526, 1047507, 1049848, 1050839, 1047211, 1048273, 1045496, 1046994, 1046580, 1047365, 1046250, 1044945, 1046996, 1048945, 1047367, 1046917, 1049602, 1058147, 1051506, 1050372, 1053104, 1046300, 1047655, 1049304, 1045891, 1045281, 1048796, 1054844, 1056240, 1052310, 1046511, 1046449, 1047645, 1046303, 1043908, 1046404, 1047211, 1046529, 1043770, 1044561, 1044951, 1046462, 1041878, 1045986, 1044013, 1046649, 1044470, 1045376, 1051247, 1057798]